
Output format for the taken sample circuit:

          Input                            Output
   g0    g1     g0t  g1t        g2     g2t     g3   g3t
   
    0     0     0     0          1      0      0     0 
    0     0     0     1          1      0      0     0 
    0     0     1     0          1      1      0     0 
    0     0     1     1          1      1      0     1 
    0     1     0     0          1      0      0     0 
    0     1     0     1          1      0      0     0 
    0     1     1     0          1      0      0     1 
    0     1     1     1          1      1      0     1 
    1     0     0     0          0      0      0     0 
    1     0     0     1          0      1      0     1 
    1     0     1     0          0      1      0     0 
    1     0     1     1          0      1      0     1 
    1     1     0     0          1      0      1     0 
    1     1     0     1          1      1      1     1 
    1     1     1     0          1      0      1     1 
    1     1     1     1          1      1      1     1 
