In-0   In-1   In-2   In-3   In-5   In-6   In-7   In-0t   In-1t   In-2t   In-3t   In-5t   In-6t   In-7t  Out-17  Out-17t  Out-10  Out-10t  Out-11  Out-11t  Out-13  Out-13t
      0      0      0      0      0      0      0      0      0      0      0      0      0      0      0      0      0      0      0      0      1      0
      0      0      0      0      0      0      0      0      0      0      0      0      0      1      0      0      0      0      0      0      1      0
      0      0      0      0      0      0      0      0      0      0      0      0      1      0      0      0      0      0      0      0      1      0
      0      0      0      0      0      0      0      0      0      0      0      0      1      1      0      0      0      0      0      0      1      0
      0      0      0      0      0      0      0      0      0      0      0      1      0      0      0      0      0      0      0      0      1      0
      0      0      0      0      0      0      0      0      0      0      0      1      0      1      0      0      0      0      0      0      1      0
      0      0      0      0      0      0      0      0      0      0      0      1      1      0      0      0      0      0      0      0      1      0
      0      0      0      0      0      0      0      0      0      0      0      1      1      1      0      0      0      0      0      0      1      0
      0      0      0      0      0      0      0      0      0      0      1      0      0      0      0      0      0      0      0      0      1      0
      0      0      0      0      0      0      0      0      0      0      1      0      0      1      0      0      0      0      0      0      1      0
      0      0      0      0      0      0      0      0      0      0      1      0      1      0      0      0      0      0      0      0      1      0
      0      0      0      0      0      0      0      0      0      0      1      0      1      1      0      0      0      0      0      0      1      0
      0      0      0      0      0      0      0      0      0      0      1      1      0      0      0      0      0      0      0      0      1      0
      0      0      0      0      0      0      0      0      0      0      1      1      0      1      0      0      0      0      0      0      1      0
      0      0      0      0      0      0      0      0      0      0      1      1      1      0      0      0      0      0      0      0      1      0
      0      0      0      0      0      0      0      0      0      0      1      1      1      1      0      0      0      0      0      0      1      0
      0      0      0      0      0      0      0      0      0      1      0      0      0      0      0      0      0      0      0      0      1      0
      0      0      0      0      0      0      0      0      0      1      0      0      0      1      0      0      0      0      0      0      1      0
      0      0      0      0      0      0      0      0      0      1      0      0      1      0      0      0      0      0      0      0      1      0
      0      0      0      0      0      0      0      0      0      1      0      0      1      1      0      0      0      0      0      0      1      0
      0      0      0      0      0      0      0      0      0      1      0      1      0      0      0      0      0      0      0      0      1      0
      0      0      0      0      0      0      0      0      0      1      0      1      0      1      0      0      0      0      0      0      1      0
      0      0      0      0      0      0      0      0      0      1      0      1      1      0      0      0      0      0      0      0      1      0
      0      0      0      0      0      0      0      0      0      1      0      1      1      1      0      0      0      0      0      0      1      0
      0      0      0      0      0      0      0      0      0      1      1      0      0      0      0      0      0      0      0      0      1      0
      0      0      0      0      0      0      0      0      0      1      1      0      0      1      0      0      0      0      0      0      1      0
      0      0      0      0      0      0      0      0      0      1      1      0      1      0      0      0      0      0      0      0      1      0
      0      0      0      0      0      0      0      0      0      1      1      0      1      1      0      0      0      0      0      0      1      0
      0      0      0      0      0      0      0      0      0      1      1      1      0      0      0      0      0      0      0      0      1      0
      0      0      0      0      0      0      0      0      0      1      1      1      0      1      0      0      0      0      0      0      1      0
      0      0      0      0      0      0      0      0      0      1      1      1      1      0      0      0      0      0      0      0      1      0
      0      0      0      0      0      0      0      0      0      1      1      1      1      1      0      0      0      0      0      0      1      0
      0      0      0      0      0      0      0      0      1      0      0      0      0      0      0      0      0      0      0      0      1      0
      0      0      0      0      0      0      0      0      1      0      0      0      0      1      0      0      0      0      0      0      1      0
      0      0      0      0      0      0      0      0      1      0      0      0      1      0      0      0      0      0      0      0      1      0
      0      0      0      0      0      0      0      0      1      0      0      0      1      1      0      0      0      0      0      0      1      0
      0      0      0      0      0      0      0      0      1      0      0      1      0      0      0      0      0      0      0      0      1      0
      0      0      0      0      0      0      0      0      1      0      0      1      0      1      0      0      0      0      0      0      1      0
      0      0      0      0      0      0      0      0      1      0      0      1      1      0      0      0      0      0      0      0      1      0
      0      0      0      0      0      0      0      0      1      0      0      1      1      1      0      0      0      0      0      0      1      0
      0      0      0      0      0      0      0      0      1      0      1      0      0      0      0      0      0      0      0      0      1      0
      0      0      0      0      0      0      0      0      1      0      1      0      0      1      0      0      0      0      0      0      1      0
      0      0      0      0      0      0      0      0      1      0      1      0      1      0      0      0      0      0      0      0      1      0
      0      0      0      0      0      0      0      0      1      0      1      0      1      1      0      0      0      0      0      0      1      0
      0      0      0      0      0      0      0      0      1      0      1      1      0      0      0      0      0      0      0      0      1      0
      0      0      0      0      0      0      0      0      1      0      1      1      0      1      0      0      0      0      0      0      1      0
      0      0      0      0      0      0      0      0      1      0      1      1      1      0      0      0      0      0      0      0      1      0
      0      0      0      0      0      0      0      0      1      0      1      1      1      1      0      0      0      0      0      0      1      0
      0      0      0      0      0      0      0      0      1      1      0      0      0      0      0      0      0      0      0      0      1      0
      0      0      0      0      0      0      0      0      1      1      0      0      0      1      0      0      0      0      0      0      1      0
      0      0      0      0      0      0      0      0      1      1      0      0      1      0      0      0      0      0      0      0      1      0
      0      0      0      0      0      0      0      0      1      1      0      0      1      1      0      0      0      0      0      0      1      0
      0      0      0      0      0      0      0      0      1      1      0      1      0      0      0      0      0      0      0      0      1      0
      0      0      0      0      0      0      0      0      1      1      0      1      0      1      0      0      0      0      0      0      1      0
      0      0      0      0      0      0      0      0      1      1      0      1      1      0      0      0      0      0      0      0      1      0
      0      0      0      0      0      0      0      0      1      1      0      1      1      1      0      0      0      0      0      0      1      0
      0      0      0      0      0      0      0      0      1      1      1      0      0      0      0      0      0      0      0      0      1      0
      0      0      0      0      0      0      0      0      1      1      1      0      0      1      0      0      0      0      0      0      1      0
      0      0      0      0      0      0      0      0      1      1      1      0      1      0      0      0      0      0      0      0      1      0
      0      0      0      0      0      0      0      0      1      1      1      0      1      1      0      0      0      0      0      0      1      0
      0      0      0      0      0      0      0      0      1      1      1      1      0      0      0      0      0      0      0      0      1      0
      0      0      0      0      0      0      0      0      1      1      1      1      0      1      0      0      0      0      0      0      1      0
      0      0      0      0      0      0      0      0      1      1      1      1      1      0      0      0      0      0      0      0      1      0
      0      0      0      0      0      0      0      0      1      1      1      1      1      1      0      0      0      0      0      0      1      0
      0      0      0      0      0      0      0      1      0      0      0      0      0      0      0      1      0      0      0      0      1      0
      0      0      0      0      0      0      0      1      0      0      0      0      0      1      0      1      0      0      0      0      1      0
      0      0      0      0      0      0      0      1      0      0      0      0      1      0      0      1      0      0      0      0      1      0
      0      0      0      0      0      0      0      1      0      0      0      0      1      1      0      1      0      0      0      0      1      0
      0      0      0      0      0      0      0      1      0      0      0      1      0      0      0      1      0      0      0      0      1      0
      0      0      0      0      0      0      0      1      0      0      0      1      0      1      0      1      0      0      0      0      1      0
      0      0      0      0      0      0      0      1      0      0      0      1      1      0      0      1      0      0      0      0      1      0
      0      0      0      0      0      0      0      1      0      0      0      1      1      1      0      1      0      0      0      0      1      0
      0      0      0      0      0      0      0      1      0      0      1      0      0      0      0      1      0      0      0      0      1      0
      0      0      0      0      0      0      0      1      0      0      1      0      0      1      0      1      0      0      0      0      1      0
      0      0      0      0      0      0      0      1      0      0      1      0      1      0      0      1      0      0      0      0      1      0
      0      0      0      0      0      0      0      1      0      0      1      0      1      1      0      1      0      0      0      0      1      0
      0      0      0      0      0      0      0      1      0      0      1      1      0      0      0      1      0      0      0      0      1      0
      0      0      0      0      0      0      0      1      0      0      1      1      0      1      0      1      0      0      0      0      1      0
      0      0      0      0      0      0      0      1      0      0      1      1      1      0      0      1      0      0      0      0      1      0
      0      0      0      0      0      0      0      1      0      0      1      1      1      1      0      1      0      0      0      0      1      0
      0      0      0      0      0      0      0      1      0      1      0      0      0      0      0      1      0      0      0      0      1      0
      0      0      0      0      0      0      0      1      0      1      0      0      0      1      0      1      0      0      0      0      1      0
      0      0      0      0      0      0      0      1      0      1      0      0      1      0      0      1      0      0      0      0      1      0
      0      0      0      0      0      0      0      1      0      1      0      0      1      1      0      1      0      0      0      0      1      0
      0      0      0      0      0      0      0      1      0      1      0      1      0      0      0      1      0      0      0      0      1      0
      0      0      0      0      0      0      0      1      0      1      0      1      0      1      0      1      0      0      0      0      1      0
      0      0      0      0      0      0      0      1      0      1      0      1      1      0      0      1      0      0      0      0      1      0
      0      0      0      0      0      0      0      1      0      1      0      1      1      1      0      1      0      0      0      0      1      0
      0      0      0      0      0      0      0      1      0      1      1      0      0      0      0      1      0      0      0      0      1      0
      0      0      0      0      0      0      0      1      0      1      1      0      0      1      0      1      0      0      0      0      1      0
      0      0      0      0      0      0      0      1      0      1      1      0      1      0      0      1      0      0      0      0      1      0
      0      0      0      0      0      0      0      1      0      1      1      0      1      1      0      1      0      0      0      0      1      0
      0      0      0      0      0      0      0      1      0      1      1      1      0      0      0      1      0      0      0      0      1      0
      0      0      0      0      0      0      0      1      0      1      1      1      0      1      0      1      0      0      0      0      1      0
      0      0      0      0      0      0      0      1      0      1      1      1      1      0      0      1      0      0      0      0      1      0
      0      0      0      0      0      0      0      1      0      1      1      1      1      1      0      1      0      0      0      0      1      0
      0      0      0      0      0      0      0      1      1      0      0      0      0      0      0      1      0      0      0      0      1      0
      0      0      0      0      0      0      0      1      1      0      0      0      0      1      0      1      0      0      0      0      1      0
      0      0      0      0      0      0      0      1      1      0      0      0      1      0      0      1      0      0      0      0      1      0
      0      0      0      0      0      0      0      1      1      0      0      0      1      1      0      1      0      0      0      0      1      0
      0      0      0      0      0      0      0      1      1      0      0      1      0      0      0      1      0      0      0      0      1      0
      0      0      0      0      0      0      0      1      1      0      0      1      0      1      0      1      0      0      0      0      1      0
      0      0      0      0      0      0      0      1      1      0      0      1      1      0      0      1      0      0      0      0      1      0
      0      0      0      0      0      0      0      1      1      0      0      1      1      1      0      1      0      0      0      0      1      0
      0      0      0      0      0      0      0      1      1      0      1      0      0      0      0      1      0      0      0      0      1      0
      0      0      0      0      0      0      0      1      1      0      1      0      0      1      0      1      0      0      0      0      1      0
      0      0      0      0      0      0      0      1      1      0      1      0      1      0      0      1      0      0      0      0      1      0
      0      0      0      0      0      0      0      1      1      0      1      0      1      1      0      1      0      0      0      0      1      0
      0      0      0      0      0      0      0      1      1      0      1      1      0      0      0      1      0      0      0      0      1      0
      0      0      0      0      0      0      0      1      1      0      1      1      0      1      0      1      0      0      0      0      1      0
      0      0      0      0      0      0      0      1      1      0      1      1      1      0      0      1      0      0      0      0      1      0
      0      0      0      0      0      0      0      1      1      0      1      1      1      1      0      1      0      0      0      0      1      0
      0      0      0      0      0      0      0      1      1      1      0      0      0      0      0      1      0      0      0      0      1      0
      0      0      0      0      0      0      0      1      1      1      0      0      0      1      0      1      0      0      0      0      1      0
      0      0      0      0      0      0      0      1      1      1      0      0      1      0      0      1      0      0      0      0      1      0
      0      0      0      0      0      0      0      1      1      1      0      0      1      1      0      1      0      0      0      0      1      0
      0      0      0      0      0      0      0      1      1      1      0      1      0      0      0      1      0      0      0      0      1      0
      0      0      0      0      0      0      0      1      1      1      0      1      0      1      0      1      0      0      0      0      1      0
      0      0      0      0      0      0      0      1      1      1      0      1      1      0      0      1      0      0      0      0      1      0
      0      0      0      0      0      0      0      1      1      1      0      1      1      1      0      1      0      0      0      0      1      0
      0      0      0      0      0      0      0      1      1      1      1      0      0      0      0      1      0      0      0      0      1      0
      0      0      0      0      0      0      0      1      1      1      1      0      0      1      0      1      0      0      0      0      1      0
      0      0      0      0      0      0      0      1      1      1      1      0      1      0      0      1      0      0      0      0      1      0
      0      0      0      0      0      0      0      1      1      1      1      0      1      1      0      1      0      0      0      0      1      0
      0      0      0      0      0      0      0      1      1      1      1      1      0      0      0      1      0      0      0      0      1      0
      0      0      0      0      0      0      0      1      1      1      1      1      0      1      0      1      0      0      0      0      1      0
      0      0      0      0      0      0      0      1      1      1      1      1      1      0      0      1      0      0      0      0      1      0
      0      0      0      0      0      0      0      1      1      1      1      1      1      1      0      1      0      0      0      0      1      0
      0      0      0      0      0      0      1      0      0      0      0      0      0      0      0      0      0      0      1      0      1      0
      0      0      0      0      0      0      1      0      0      0      0      0      0      1      0      0      0      0      1      0      1      0
      0      0      0      0      0      0      1      0      0      0      0      0      1      0      0      0      0      0      1      0      1      0
      0      0      0      0      0      0      1      0      0      0      0      0      1      1      0      0      0      0      1      0      1      0
      0      0      0      0      0      0      1      0      0      0      0      1      0      0      0      0      0      0      1      0      1      0
      0      0      0      0      0      0      1      0      0      0      0      1      0      1      0      0      0      0      1      0      1      0
      0      0      0      0      0      0      1      0      0      0      0      1      1      0      0      0      0      0      1      0      1      0
      0      0      0      0      0      0      1      0      0      0      0      1      1      1      0      0      0      0      1      0      1      0
      0      0      0      0      0      0      1      0      0      0      1      0      0      0      0      0      0      0      1      0      1      0
      0      0      0      0      0      0      1      0      0      0      1      0      0      1      0      0      0      0      1      0      1      0
      0      0      0      0      0      0      1      0      0      0      1      0      1      0      0      0      0      0      1      0      1      0
      0      0      0      0      0      0      1      0      0      0      1      0      1      1      0      0      0      0      1      0      1      0
      0      0      0      0      0      0      1      0      0      0      1      1      0      0      0      0      0      0      1      0      1      0
      0      0      0      0      0      0      1      0      0      0      1      1      0      1      0      0      0      0      1      0      1      0
      0      0      0      0      0      0      1      0      0      0      1      1      1      0      0      0      0      0      1      0      1      0
      0      0      0      0      0      0      1      0      0      0      1      1      1      1      0      0      0      0      1      0      1      0
      0      0      0      0      0      0      1      0      0      1      0      0      0      0      0      0      0      0      1      0      1      0
      0      0      0      0      0      0      1      0      0      1      0      0      0      1      0      0      0      0      1      0      1      0
      0      0      0      0      0      0      1      0      0      1      0      0      1      0      0      0      0      0      1      0      1      0
      0      0      0      0      0      0      1      0      0      1      0      0      1      1      0      0      0      0      1      0      1      0
      0      0      0      0      0      0      1      0      0      1      0      1      0      0      0      0      0      0      1      0      1      0
      0      0      0      0      0      0      1      0      0      1      0      1      0      1      0      0      0      0      1      0      1      0
      0      0      0      0      0      0      1      0      0      1      0      1      1      0      0      0      0      0      1      0      1      0
      0      0      0      0      0      0      1      0      0      1      0      1      1      1      0      0      0      0      1      0      1      0
      0      0      0      0      0      0      1      0      0      1      1      0      0      0      0      0      0      0      1      0      1      0
      0      0      0      0      0      0      1      0      0      1      1      0      0      1      0      0      0      0      1      0      1      0
      0      0      0      0      0      0      1      0      0      1      1      0      1      0      0      0      0      0      1      0      1      0
      0      0      0      0      0      0      1      0      0      1      1      0      1      1      0      0      0      0      1      0      1      0
      0      0      0      0      0      0      1      0      0      1      1      1      0      0      0      0      0      0      1      0      1      0
      0      0      0      0      0      0      1      0      0      1      1      1      0      1      0      0      0      0      1      0      1      0
      0      0      0      0      0      0      1      0      0      1      1      1      1      0      0      0      0      0      1      0      1      0
      0      0      0      0      0      0      1      0      0      1      1      1      1      1      0      0      0      0      1      0      1      0
      0      0      0      0      0      0      1      0      1      0      0      0      0      0      0      0      0      0      1      0      1      0
      0      0      0      0      0      0      1      0      1      0      0      0      0      1      0      0      0      0      1      0      1      0
      0      0      0      0      0      0      1      0      1      0      0      0      1      0      0      0      0      0      1      0      1      0
      0      0      0      0      0      0      1      0      1      0      0      0      1      1      0      0      0      0      1      0      1      0
      0      0      0      0      0      0      1      0      1      0      0      1      0      0      0      0      0      0      1      0      1      0
      0      0      0      0      0      0      1      0      1      0      0      1      0      1      0      0      0      0      1      0      1      0
      0      0      0      0      0      0      1      0      1      0      0      1      1      0      0      0      0      0      1      0      1      0
      0      0      0      0      0      0      1      0      1      0      0      1      1      1      0      0      0      0      1      0      1      0
      0      0      0      0      0      0      1      0      1      0      1      0      0      0      0      0      0      0      1      0      1      0
      0      0      0      0      0      0      1      0      1      0      1      0      0      1      0      0      0      0      1      0      1      0
      0      0      0      0      0      0      1      0      1      0      1      0      1      0      0      0      0      0      1      0      1      0
      0      0      0      0      0      0      1      0      1      0      1      0      1      1      0      0      0      0      1      0      1      0
      0      0      0      0      0      0      1      0      1      0      1      1      0      0      0      0      0      0      1      0      1      0
      0      0      0      0      0      0      1      0      1      0      1      1      0      1      0      0      0      0      1      0      1      0
      0      0      0      0      0      0      1      0      1      0      1      1      1      0      0      0      0      0      1      0      1      0
      0      0      0      0      0      0      1      0      1      0      1      1      1      1      0      0      0      0      1      0      1      0
      0      0      0      0      0      0      1      0      1      1      0      0      0      0      0      0      0      0      1      0      1      0
      0      0      0      0      0      0      1      0      1      1      0      0      0      1      0      0      0      0      1      0      1      0
      0      0      0      0      0      0      1      0      1      1      0      0      1      0      0      0      0      0      1      0      1      0
      0      0      0      0      0      0      1      0      1      1      0      0      1      1      0      0      0      0      1      0      1      0
      0      0      0      0      0      0      1      0      1      1      0      1      0      0      0      0      0      0      1      0      1      0
      0      0      0      0      0      0      1      0      1      1      0      1      0      1      0      0      0      0      1      0      1      0
      0      0      0      0      0      0      1      0      1      1      0      1      1      0      0      0      0      0      1      0      1      0
      0      0      0      0      0      0      1      0      1      1      0      1      1      1      0      0      0      0      1      0      1      0
      0      0      0      0      0      0      1      0      1      1      1      0      0      0      0      0      0      0      1      0      1      0
      0      0      0      0      0      0      1      0      1      1      1      0      0      1      0      0      0      0      1      0      1      0
      0      0      0      0      0      0      1      0      1      1      1      0      1      0      0      0      0      0      1      0      1      0
      0      0      0      0      0      0      1      0      1      1      1      0      1      1      0      0      0      0      1      0      1      0
      0      0      0      0      0      0      1      0      1      1      1      1      0      0      0      0      0      0      1      0      1      0
      0      0      0      0      0      0      1      0      1      1      1      1      0      1      0      0      0      0      1      0      1      0
      0      0      0      0      0      0      1      0      1      1      1      1      1      0      0      0      0      0      1      0      1      0
      0      0      0      0      0      0      1      0      1      1      1      1      1      1      0      0      0      0      1      0      1      0
      0      0      0      0      0      0      1      1      0      0      0      0      0      0      0      1      0      0      1      0      1      0
      0      0      0      0      0      0      1      1      0      0      0      0      0      1      0      1      0      0      1      0      1      0
      0      0      0      0      0      0      1      1      0      0      0      0      1      0      0      1      0      0      1      0      1      0
      0      0      0      0      0      0      1      1      0      0      0      0      1      1      0      1      0      0      1      0      1      0
      0      0      0      0      0      0      1      1      0      0      0      1      0      0      0      1      0      0      1      0      1      0
      0      0      0      0      0      0      1      1      0      0      0      1      0      1      0      1      0      0      1      0      1      0
      0      0      0      0      0      0      1      1      0      0      0      1      1      0      0      1      0      0      1      0      1      0
      0      0      0      0      0      0      1      1      0      0      0      1      1      1      0      1      0      0      1      0      1      0
      0      0      0      0      0      0      1      1      0      0      1      0      0      0      0      1      0      0      1      0      1      0
      0      0      0      0      0      0      1      1      0      0      1      0      0      1      0      1      0      0      1      0      1      0
      0      0      0      0      0      0      1      1      0      0      1      0      1      0      0      1      0      0      1      0      1      0
      0      0      0      0      0      0      1      1      0      0      1      0      1      1      0      1      0      0      1      0      1      0
      0      0      0      0      0      0      1      1      0      0      1      1      0      0      0      1      0      0      1      0      1      0
      0      0      0      0      0      0      1      1      0      0      1      1      0      1      0      1      0      0      1      0      1      0
      0      0      0      0      0      0      1      1      0      0      1      1      1      0      0      1      0      0      1      0      1      0
      0      0      0      0      0      0      1      1      0      0      1      1      1      1      0      1      0      0      1      0      1      0
      0      0      0      0      0      0      1      1      0      1      0      0      0      0      0      1      0      0      1      0      1      0
      0      0      0      0      0      0      1      1      0      1      0      0      0      1      0      1      0      0      1      0      1      0
      0      0      0      0      0      0      1      1      0      1      0      0      1      0      0      1      0      0      1      0      1      0
      0      0      0      0      0      0      1      1      0      1      0      0      1      1      0      1      0      0      1      0      1      0
      0      0      0      0      0      0      1      1      0      1      0      1      0      0      0      1      0      0      1      0      1      0
      0      0      0      0      0      0      1      1      0      1      0      1      0      1      0      1      0      0      1      0      1      0
      0      0      0      0      0      0      1      1      0      1      0      1      1      0      0      1      0      0      1      0      1      0
      0      0      0      0      0      0      1      1      0      1      0      1      1      1      0      1      0      0      1      0      1      0
      0      0      0      0      0      0      1      1      0      1      1      0      0      0      0      1      0      0      1      0      1      0
      0      0      0      0      0      0      1      1      0      1      1      0      0      1      0      1      0      0      1      0      1      0
      0      0      0      0      0      0      1      1      0      1      1      0      1      0      0      1      0      0      1      0      1      0
      0      0      0      0      0      0      1      1      0      1      1      0      1      1      0      1      0      0      1      0      1      0
      0      0      0      0      0      0      1      1      0      1      1      1      0      0      0      1      0      0      1      0      1      0
      0      0      0      0      0      0      1      1      0      1      1      1      0      1      0      1      0      0      1      0      1      0
      0      0      0      0      0      0      1      1      0      1      1      1      1      0      0      1      0      0      1      0      1      0
      0      0      0      0      0      0      1      1      0      1      1      1      1      1      0      1      0      0      1      0      1      0
      0      0      0      0      0      0      1      1      1      0      0      0      0      0      0      1      0      0      1      0      1      0
      0      0      0      0      0      0      1      1      1      0      0      0      0      1      0      1      0      0      1      0      1      0
      0      0      0      0      0      0      1      1      1      0      0      0      1      0      0      1      0      0      1      0      1      0
      0      0      0      0      0      0      1      1      1      0      0      0      1      1      0      1      0      0      1      0      1      0
      0      0      0      0      0      0      1      1      1      0      0      1      0      0      0      1      0      0      1      0      1      0
      0      0      0      0      0      0      1      1      1      0      0      1      0      1      0      1      0      0      1      0      1      0
      0      0      0      0      0      0      1      1      1      0      0      1      1      0      0      1      0      0      1      0      1      0
      0      0      0      0      0      0      1      1      1      0      0      1      1      1      0      1      0      0      1      0      1      0
      0      0      0      0      0      0      1      1      1      0      1      0      0      0      0      1      0      0      1      0      1      0
      0      0      0      0      0      0      1      1      1      0      1      0      0      1      0      1      0      0      1      0      1      0
      0      0      0      0      0      0      1      1      1      0      1      0      1      0      0      1      0      0      1      0      1      0
      0      0      0      0      0      0      1      1      1      0      1      0      1      1      0      1      0      0      1      0      1      0
      0      0      0      0      0      0      1      1      1      0      1      1      0      0      0      1      0      0      1      0      1      0
      0      0      0      0      0      0      1      1      1      0      1      1      0      1      0      1      0      0      1      0      1      0
      0      0      0      0      0      0      1      1      1      0      1      1      1      0      0      1      0      0      1      0      1      0
      0      0      0      0      0      0      1      1      1      0      1      1      1      1      0      1      0      0      1      0      1      0
      0      0      0      0      0      0      1      1      1      1      0      0      0      0      0      1      0      0      1      0      1      0
      0      0      0      0      0      0      1      1      1      1      0      0      0      1      0      1      0      0      1      0      1      0
      0      0      0      0      0      0      1      1      1      1      0      0      1      0      0      1      0      0      1      0      1      0
      0      0      0      0      0      0      1      1      1      1      0      0      1      1      0      1      0      0      1      0      1      0
      0      0      0      0      0      0      1      1      1      1      0      1      0      0      0      1      0      0      1      0      1      0
      0      0      0      0      0      0      1      1      1      1      0      1      0      1      0      1      0      0      1      0      1      0
      0      0      0      0      0      0      1      1      1      1      0      1      1      0      0      1      0      0      1      0      1      0
      0      0      0      0      0      0      1      1      1      1      0      1      1      1      0      1      0      0      1      0      1      0
      0      0      0      0      0      0      1      1      1      1      1      0      0      0      0      1      0      0      1      0      1      0
      0      0      0      0      0      0      1      1      1      1      1      0      0      1      0      1      0      0      1      0      1      0
      0      0      0      0      0      0      1      1      1      1      1      0      1      0      0      1      0      0      1      0      1      0
      0      0      0      0      0      0      1      1      1      1      1      0      1      1      0      1      0      0      1      0      1      0
      0      0      0      0      0      0      1      1      1      1      1      1      0      0      0      1      0      0      1      0      1      0
      0      0      0      0      0      0      1      1      1      1      1      1      0      1      0      1      0      0      1      0      1      0
      0      0      0      0      0      0      1      1      1      1      1      1      1      0      0      1      0      0      1      0      1      0
      0      0      0      0      0      0      1      1      1      1      1      1      1      1      0      1      0      0      1      0      1      0
      0      0      0      0      0      1      0      0      0      0      0      0      0      0      0      0      1      0      0      0      0      0
      0      0      0      0      0      1      0      0      0      0      0      0      0      1      0      0      1      0      0      0      0      0
      0      0      0      0      0      1      0      0      0      0      0      0      1      0      0      0      1      0      0      0      0      0
      0      0      0      0      0      1      0      0      0      0      0      0      1      1      0      0      1      0      0      0      0      0
      0      0      0      0      0      1      0      0      0      0      0      1      0      0      0      0      1      0      0      0      0      0
      0      0      0      0      0      1      0      0      0      0      0      1      0      1      0      0      1      0      0      0      0      0
      0      0      0      0      0      1      0      0      0      0      0      1      1      0      0      0      1      0      0      0      0      0
      0      0      0      0      0      1      0      0      0      0      0      1      1      1      0      0      1      0      0      0      0      0
      0      0      0      0      0      1      0      0      0      0      1      0      0      0      0      0      1      0      0      0      0      0
      0      0      0      0      0      1      0      0      0      0      1      0      0      1      0      0      1      0      0      0      0      0
      0      0      0      0      0      1      0      0      0      0      1      0      1      0      0      0      1      0      0      0      0      0
      0      0      0      0      0      1      0      0      0      0      1      0      1      1      0      0      1      0      0      0      0      0
      0      0      0      0      0      1      0      0      0      0      1      1      0      0      0      0      1      0      0      0      0      0
      0      0      0      0      0      1      0      0      0      0      1      1      0      1      0      0      1      0      0      0      0      0
      0      0      0      0      0      1      0      0      0      0      1      1      1      0      0      0      1      0      0      0      0      0
      0      0      0      0      0      1      0      0      0      0      1      1      1      1      0      0      1      0      0      0      0      0
      0      0      0      0      0      1      0      0      0      1      0      0      0      0      0      0      1      0      0      0      0      0
      0      0      0      0      0      1      0      0      0      1      0      0      0      1      0      0      1      0      0      0      0      0
      0      0      0      0      0      1      0      0      0      1      0      0      1      0      0      0      1      0      0      0      0      0
      0      0      0      0      0      1      0      0      0      1      0      0      1      1      0      0      1      0      0      0      0      0
      0      0      0      0      0      1      0      0      0      1      0      1      0      0      0      0      1      0      0      0      0      0
      0      0      0      0      0      1      0      0      0      1      0      1      0      1      0      0      1      0      0      0      0      0
      0      0      0      0      0      1      0      0      0      1      0      1      1      0      0      0      1      0      0      0      0      0
      0      0      0      0      0      1      0      0      0      1      0      1      1      1      0      0      1      0      0      0      0      0
      0      0      0      0      0      1      0      0      0      1      1      0      0      0      0      0      1      0      0      0      0      0
      0      0      0      0      0      1      0      0      0      1      1      0      0      1      0      0      1      0      0      0      0      0
      0      0      0      0      0      1      0      0      0      1      1      0      1      0      0      0      1      0      0      0      0      0
      0      0      0      0      0      1      0      0      0      1      1      0      1      1      0      0      1      0      0      0      0      0
      0      0      0      0      0      1      0      0      0      1      1      1      0      0      0      0      1      0      0      0      0      0
      0      0      0      0      0      1      0      0      0      1      1      1      0      1      0      0      1      0      0      0      0      0
      0      0      0      0      0      1      0      0      0      1      1      1      1      0      0      0      1      0      0      0      0      0
      0      0      0      0      0      1      0      0      0      1      1      1      1      1      0      0      1      0      0      0      0      0
      0      0      0      0      0      1      0      0      1      0      0      0      0      0      0      0      1      0      0      0      0      0
      0      0      0      0      0      1      0      0      1      0      0      0      0      1      0      0      1      0      0      0      0      0
      0      0      0      0      0      1      0      0      1      0      0      0      1      0      0      0      1      0      0      0      0      0
      0      0      0      0      0      1      0      0      1      0      0      0      1      1      0      0      1      0      0      0      0      0
      0      0      0      0      0      1      0      0      1      0      0      1      0      0      0      0      1      0      0      0      0      0
      0      0      0      0      0      1      0      0      1      0      0      1      0      1      0      0      1      0      0      0      0      0
      0      0      0      0      0      1      0      0      1      0      0      1      1      0      0      0      1      0      0      0      0      0
      0      0      0      0      0      1      0      0      1      0      0      1      1      1      0      0      1      0      0      0      0      0
      0      0      0      0      0      1      0      0      1      0      1      0      0      0      0      0      1      0      0      0      0      0
      0      0      0      0      0      1      0      0      1      0      1      0      0      1      0      0      1      0      0      0      0      0
      0      0      0      0      0      1      0      0      1      0      1      0      1      0      0      0      1      0      0      0      0      0
      0      0      0      0      0      1      0      0      1      0      1      0      1      1      0      0      1      0      0      0      0      0
      0      0      0      0      0      1      0      0      1      0      1      1      0      0      0      0      1      0      0      0      0      0
      0      0      0      0      0      1      0      0      1      0      1      1      0      1      0      0      1      0      0      0      0      0
      0      0      0      0      0      1      0      0      1      0      1      1      1      0      0      0      1      0      0      0      0      0
      0      0      0      0      0      1      0      0      1      0      1      1      1      1      0      0      1      0      0      0      0      0
      0      0      0      0      0      1      0      0      1      1      0      0      0      0      0      0      1      0      0      0      0      0
      0      0      0      0      0      1      0      0      1      1      0      0      0      1      0      0      1      0      0      0      0      0
      0      0      0      0      0      1      0      0      1      1      0      0      1      0      0      0      1      0      0      0      0      0
      0      0      0      0      0      1      0      0      1      1      0      0      1      1      0      0      1      0      0      0      0      0
      0      0      0      0      0      1      0      0      1      1      0      1      0      0      0      0      1      0      0      0      0      0
      0      0      0      0      0      1      0      0      1      1      0      1      0      1      0      0      1      0      0      0      0      0
      0      0      0      0      0      1      0      0      1      1      0      1      1      0      0      0      1      0      0      0      0      0
      0      0      0      0      0      1      0      0      1      1      0      1      1      1      0      0      1      0      0      0      0      0
      0      0      0      0      0      1      0      0      1      1      1      0      0      0      0      0      1      0      0      0      0      0
      0      0      0      0      0      1      0      0      1      1      1      0      0      1      0      0      1      0      0      0      0      0
      0      0      0      0      0      1      0      0      1      1      1      0      1      0      0      0      1      0      0      0      0      0
      0      0      0      0      0      1      0      0      1      1      1      0      1      1      0      0      1      0      0      0      0      0
      0      0      0      0      0      1      0      0      1      1      1      1      0      0      0      0      1      0      0      0      0      0
      0      0      0      0      0      1      0      0      1      1      1      1      0      1      0      0      1      0      0      0      0      0
      0      0      0      0      0      1      0      0      1      1      1      1      1      0      0      0      1      0      0      0      0      0
      0      0      0      0      0      1      0      0      1      1      1      1      1      1      0      0      1      0      0      0      0      0
      0      0      0      0      0      1      0      1      0      0      0      0      0      0      0      0      1      0      0      0      0      0
      0      0      0      0      0      1      0      1      0      0      0      0      0      1      0      0      1      0      0      0      0      0
      0      0      0      0      0      1      0      1      0      0      0      0      1      0      0      0      1      0      0      0      0      0
      0      0      0      0      0      1      0      1      0      0      0      0      1      1      0      0      1      0      0      0      0      0
      0      0      0      0      0      1      0      1      0      0      0      1      0      0      0      0      1      0      0      0      0      0
      0      0      0      0      0      1      0      1      0      0      0      1      0      1      0      0      1      0      0      0      0      0
      0      0      0      0      0      1      0      1      0      0      0      1      1      0      0      0      1      0      0      0      0      0
      0      0      0      0      0      1      0      1      0      0      0      1      1      1      0      0      1      0      0      0      0      0
      0      0      0      0      0      1      0      1      0      0      1      0      0      0      0      0      1      0      0      0      0      0
      0      0      0      0      0      1      0      1      0      0      1      0      0      1      0      0      1      0      0      0      0      0
      0      0      0      0      0      1      0      1      0      0      1      0      1      0      0      0      1      0      0      0      0      0
      0      0      0      0      0      1      0      1      0      0      1      0      1      1      0      0      1      0      0      0      0      0
      0      0      0      0      0      1      0      1      0      0      1      1      0      0      0      0      1      0      0      0      0      0
      0      0      0      0      0      1      0      1      0      0      1      1      0      1      0      0      1      0      0      0      0      0
      0      0      0      0      0      1      0      1      0      0      1      1      1      0      0      0      1      0      0      0      0      0
      0      0      0      0      0      1      0      1      0      0      1      1      1      1      0      0      1      0      0      0      0      0
      0      0      0      0      0      1      0      1      0      1      0      0      0      0      0      0      1      0      0      0      0      0
      0      0      0      0      0      1      0      1      0      1      0      0      0      1      0      0      1      0      0      0      0      0
      0      0      0      0      0      1      0      1      0      1      0      0      1      0      0      0      1      0      0      0      0      0
      0      0      0      0      0      1      0      1      0      1      0      0      1      1      0      0      1      0      0      0      0      0
      0      0      0      0      0      1      0      1      0      1      0      1      0      0      0      0      1      0      0      0      0      0
      0      0      0      0      0      1      0      1      0      1      0      1      0      1      0      0      1      0      0      0      0      0
      0      0      0      0      0      1      0      1      0      1      0      1      1      0      0      0      1      0      0      0      0      0
      0      0      0      0      0      1      0      1      0      1      0      1      1      1      0      0      1      0      0      0      0      0
      0      0      0      0      0      1      0      1      0      1      1      0      0      0      0      0      1      0      0      0      0      0
      0      0      0      0      0      1      0      1      0      1      1      0      0      1      0      0      1      0      0      0      0      0
      0      0      0      0      0      1      0      1      0      1      1      0      1      0      0      0      1      0      0      0      0      0
      0      0      0      0      0      1      0      1      0      1      1      0      1      1      0      0      1      0      0      0      0      0
      0      0      0      0      0      1      0      1      0      1      1      1      0      0      0      0      1      0      0      0      0      0
      0      0      0      0      0      1      0      1      0      1      1      1      0      1      0      0      1      0      0      0      0      0
      0      0      0      0      0      1      0      1      0      1      1      1      1      0      0      0      1      0      0      0      0      0
      0      0      0      0      0      1      0      1      0      1      1      1      1      1      0      0      1      0      0      0      0      0
      0      0      0      0      0      1      0      1      1      0      0      0      0      0      0      0      1      0      0      0      0      0
      0      0      0      0      0      1      0      1      1      0      0      0      0      1      0      0      1      0      0      0      0      0
      0      0      0      0      0      1      0      1      1      0      0      0      1      0      0      0      1      0      0      0      0      0
      0      0      0      0      0      1      0      1      1      0      0      0      1      1      0      0      1      0      0      0      0      0
      0      0      0      0      0      1      0      1      1      0      0      1      0      0      0      0      1      0      0      0      0      0
      0      0      0      0      0      1      0      1      1      0      0      1      0      1      0      0      1      0      0      0      0      0
      0      0      0      0      0      1      0      1      1      0      0      1      1      0      0      0      1      0      0      0      0      0
      0      0      0      0      0      1      0      1      1      0      0      1      1      1      0      0      1      0      0      0      0      0
      0      0      0      0      0      1      0      1      1      0      1      0      0      0      0      0      1      0      0      0      0      0
      0      0      0      0      0      1      0      1      1      0      1      0      0      1      0      0      1      0      0      0      0      0
      0      0      0      0      0      1      0      1      1      0      1      0      1      0      0      0      1      0      0      0      0      0
      0      0      0      0      0      1      0      1      1      0      1      0      1      1      0      0      1      0      0      0      0      0
      0      0      0      0      0      1      0      1      1      0      1      1      0      0      0      0      1      0      0      0      0      0
      0      0      0      0      0      1      0      1      1      0      1      1      0      1      0      0      1      0      0      0      0      0
      0      0      0      0      0      1      0      1      1      0      1      1      1      0      0      0      1      0      0      0      0      0
      0      0      0      0      0      1      0      1      1      0      1      1      1      1      0      0      1      0      0      0      0      0
      0      0      0      0      0      1      0      1      1      1      0      0      0      0      0      0      1      0      0      0      0      0
      0      0      0      0      0      1      0      1      1      1      0      0      0      1      0      0      1      0      0      0      0      0
      0      0      0      0      0      1      0      1      1      1      0      0      1      0      0      0      1      0      0      0      0      0
      0      0      0      0      0      1      0      1      1      1      0      0      1      1      0      0      1      0      0      0      0      0
      0      0      0      0      0      1      0      1      1      1      0      1      0      0      0      0      1      0      0      0      0      0
      0      0      0      0      0      1      0      1      1      1      0      1      0      1      0      0      1      0      0      0      0      0
      0      0      0      0      0      1      0      1      1      1      0      1      1      0      0      0      1      0      0      0      0      0
      0      0      0      0      0      1      0      1      1      1      0      1      1      1      0      0      1      0      0      0      0      0
      0      0      0      0      0      1      0      1      1      1      1      0      0      0      0      0      1      0      0      0      0      0
      0      0      0      0      0      1      0      1      1      1      1      0      0      1      0      0      1      0      0      0      0      0
      0      0      0      0      0      1      0      1      1      1      1      0      1      0      0      0      1      0      0      0      0      0
      0      0      0      0      0      1      0      1      1      1      1      0      1      1      0      0      1      0      0      0      0      0
      0      0      0      0      0      1      0      1      1      1      1      1      0      0      0      0      1      0      0      0      0      0
      0      0      0      0      0      1      0      1      1      1      1      1      0      1      0      0      1      0      0      0      0      0
      0      0      0      0      0      1      0      1      1      1      1      1      1      0      0      0      1      0      0      0      0      0
      0      0      0      0      0      1      0      1      1      1      1      1      1      1      0      0      1      0      0      0      0      0
      0      0      0      0      0      1      1      0      0      0      0      0      0      0      0      0      1      0      1      0      0      0
      0      0      0      0      0      1      1      0      0      0      0      0      0      1      0      0      1      0      1      0      0      0
      0      0      0      0      0      1      1      0      0      0      0      0      1      0      0      0      1      0      1      0      0      0
      0      0      0      0      0      1      1      0      0      0      0      0      1      1      0      0      1      0      1      0      0      0
      0      0      0      0      0      1      1      0      0      0      0      1      0      0      0      0      1      0      1      0      0      0
      0      0      0      0      0      1      1      0      0      0      0      1      0      1      0      0      1      0      1      0      0      0
      0      0      0      0      0      1      1      0      0      0      0      1      1      0      0      0      1      0      1      0      0      0
      0      0      0      0      0      1      1      0      0      0      0      1      1      1      0      0      1      0      1      0      0      0
      0      0      0      0      0      1      1      0      0      0      1      0      0      0      0      0      1      0      1      0      0      0
      0      0      0      0      0      1      1      0      0      0      1      0      0      1      0      0      1      0      1      0      0      0
      0      0      0      0      0      1      1      0      0      0      1      0      1      0      0      0      1      0      1      0      0      0
      0      0      0      0      0      1      1      0      0      0      1      0      1      1      0      0      1      0      1      0      0      0
      0      0      0      0      0      1      1      0      0      0      1      1      0      0      0      0      1      0      1      0      0      0
      0      0      0      0      0      1      1      0      0      0      1      1      0      1      0      0      1      0      1      0      0      0
      0      0      0      0      0      1      1      0      0      0      1      1      1      0      0      0      1      0      1      0      0      0
      0      0      0      0      0      1      1      0      0      0      1      1      1      1      0      0      1      0      1      0      0      0
      0      0      0      0      0      1      1      0      0      1      0      0      0      0      0      0      1      0      1      0      0      0
      0      0      0      0      0      1      1      0      0      1      0      0      0      1      0      0      1      0      1      0      0      0
      0      0      0      0      0      1      1      0      0      1      0      0      1      0      0      0      1      0      1      0      0      0
      0      0      0      0      0      1      1      0      0      1      0      0      1      1      0      0      1      0      1      0      0      0
      0      0      0      0      0      1      1      0      0      1      0      1      0      0      0      0      1      0      1      0      0      0
      0      0      0      0      0      1      1      0      0      1      0      1      0      1      0      0      1      0      1      0      0      0
      0      0      0      0      0      1      1      0      0      1      0      1      1      0      0      0      1      0      1      0      0      0
      0      0      0      0      0      1      1      0      0      1      0      1      1      1      0      0      1      0      1      0      0      0
      0      0      0      0      0      1      1      0      0      1      1      0      0      0      0      0      1      0      1      0      0      0
      0      0      0      0      0      1      1      0      0      1      1      0      0      1      0      0      1      0      1      0      0      0
      0      0      0      0      0      1      1      0      0      1      1      0      1      0      0      0      1      0      1      0      0      0
      0      0      0      0      0      1      1      0      0      1      1      0      1      1      0      0      1      0      1      0      0      0
      0      0      0      0      0      1      1      0      0      1      1      1      0      0      0      0      1      0      1      0      0      0
      0      0      0      0      0      1      1      0      0      1      1      1      0      1      0      0      1      0      1      0      0      0
      0      0      0      0      0      1      1      0      0      1      1      1      1      0      0      0      1      0      1      0      0      0
      0      0      0      0      0      1      1      0      0      1      1      1      1      1      0      0      1      0      1      0      0      0
      0      0      0      0      0      1      1      0      1      0      0      0      0      0      0      0      1      0      1      0      0      0
      0      0      0      0      0      1      1      0      1      0      0      0      0      1      0      0      1      0      1      0      0      0
      0      0      0      0      0      1      1      0      1      0      0      0      1      0      0      0      1      0      1      0      0      0
      0      0      0      0      0      1      1      0      1      0      0      0      1      1      0      0      1      0      1      0      0      0
      0      0      0      0      0      1      1      0      1      0      0      1      0      0      0      0      1      0      1      0      0      0
      0      0      0      0      0      1      1      0      1      0      0      1      0      1      0      0      1      0      1      0      0      0
      0      0      0      0      0      1      1      0      1      0      0      1      1      0      0      0      1      0      1      0      0      0
      0      0      0      0      0      1      1      0      1      0      0      1      1      1      0      0      1      0      1      0      0      0
      0      0      0      0      0      1      1      0      1      0      1      0      0      0      0      0      1      0      1      0      0      0
      0      0      0      0      0      1      1      0      1      0      1      0      0      1      0      0      1      0      1      0      0      0
      0      0      0      0      0      1      1      0      1      0      1      0      1      0      0      0      1      0      1      0      0      0
      0      0      0      0      0      1      1      0      1      0      1      0      1      1      0      0      1      0      1      0      0      0
      0      0      0      0      0      1      1      0      1      0      1      1      0      0      0      0      1      0      1      0      0      0
      0      0      0      0      0      1      1      0      1      0      1      1      0      1      0      0      1      0      1      0      0      0
      0      0      0      0      0      1      1      0      1      0      1      1      1      0      0      0      1      0      1      0      0      0
      0      0      0      0      0      1      1      0      1      0      1      1      1      1      0      0      1      0      1      0      0      0
      0      0      0      0      0      1      1      0      1      1      0      0      0      0      0      0      1      0      1      0      0      0
      0      0      0      0      0      1      1      0      1      1      0      0      0      1      0      0      1      0      1      0      0      0
      0      0      0      0      0      1      1      0      1      1      0      0      1      0      0      0      1      0      1      0      0      0
      0      0      0      0      0      1      1      0      1      1      0      0      1      1      0      0      1      0      1      0      0      0
      0      0      0      0      0      1      1      0      1      1      0      1      0      0      0      0      1      0      1      0      0      0
      0      0      0      0      0      1      1      0      1      1      0      1      0      1      0      0      1      0      1      0      0      0
      0      0      0      0      0      1      1      0      1      1      0      1      1      0      0      0      1      0      1      0      0      0
      0      0      0      0      0      1      1      0      1      1      0      1      1      1      0      0      1      0      1      0      0      0
      0      0      0      0      0      1      1      0      1      1      1      0      0      0      0      0      1      0      1      0      0      0
      0      0      0      0      0      1      1      0      1      1      1      0      0      1      0      0      1      0      1      0      0      0
      0      0      0      0      0      1      1      0      1      1      1      0      1      0      0      0      1      0      1      0      0      0
      0      0      0      0      0      1      1      0      1      1      1      0      1      1      0      0      1      0      1      0      0      0
      0      0      0      0      0      1      1      0      1      1      1      1      0      0      0      0      1      0      1      0      0      0
      0      0      0      0      0      1      1      0      1      1      1      1      0      1      0      0      1      0      1      0      0      0
      0      0      0      0      0      1      1      0      1      1      1      1      1      0      0      0      1      0      1      0      0      0
      0      0      0      0      0      1      1      0      1      1      1      1      1      1      0      0      1      0      1      0      0      0
      0      0      0      0      0      1      1      1      0      0      0      0      0      0      0      0      1      0      1      0      0      0
      0      0      0      0      0      1      1      1      0      0      0      0      0      1      0      0      1      0      1      0      0      0
      0      0      0      0      0      1      1      1      0      0      0      0      1      0      0      0      1      0      1      0      0      0
      0      0      0      0      0      1      1      1      0      0      0      0      1      1      0      0      1      0      1      0      0      0
      0      0      0      0      0      1      1      1      0      0      0      1      0      0      0      0      1      0      1      0      0      0
      0      0      0      0      0      1      1      1      0      0      0      1      0      1      0      0      1      0      1      0      0      0
      0      0      0      0      0      1      1      1      0      0      0      1      1      0      0      0      1      0      1      0      0      0
      0      0      0      0      0      1      1      1      0      0      0      1      1      1      0      0      1      0      1      0      0      0
      0      0      0      0      0      1      1      1      0      0      1      0      0      0      0      0      1      0      1      0      0      0
      0      0      0      0      0      1      1      1      0      0      1      0      0      1      0      0      1      0      1      0      0      0
      0      0      0      0      0      1      1      1      0      0      1      0      1      0      0      0      1      0      1      0      0      0
      0      0      0      0      0      1      1      1      0      0      1      0      1      1      0      0      1      0      1      0      0      0
      0      0      0      0      0      1      1      1      0      0      1      1      0      0      0      0      1      0      1      0      0      0
      0      0      0      0      0      1      1      1      0      0      1      1      0      1      0      0      1      0      1      0      0      0
      0      0      0      0      0      1      1      1      0      0      1      1      1      0      0      0      1      0      1      0      0      0
      0      0      0      0      0      1      1      1      0      0      1      1      1      1      0      0      1      0      1      0      0      0
      0      0      0      0      0      1      1      1      0      1      0      0      0      0      0      0      1      0      1      0      0      0
      0      0      0      0      0      1      1      1      0      1      0      0      0      1      0      0      1      0      1      0      0      0
      0      0      0      0      0      1      1      1      0      1      0      0      1      0      0      0      1      0      1      0      0      0
      0      0      0      0      0      1      1      1      0      1      0      0      1      1      0      0      1      0      1      0      0      0
      0      0      0      0      0      1      1      1      0      1      0      1      0      0      0      0      1      0      1      0      0      0
      0      0      0      0      0      1      1      1      0      1      0      1      0      1      0      0      1      0      1      0      0      0
      0      0      0      0      0      1      1      1      0      1      0      1      1      0      0      0      1      0      1      0      0      0
      0      0      0      0      0      1      1      1      0      1      0      1      1      1      0      0      1      0      1      0      0      0
      0      0      0      0      0      1      1      1      0      1      1      0      0      0      0      0      1      0      1      0      0      0
      0      0      0      0      0      1      1      1      0      1      1      0      0      1      0      0      1      0      1      0      0      0
      0      0      0      0      0      1      1      1      0      1      1      0      1      0      0      0      1      0      1      0      0      0
      0      0      0      0      0      1      1      1      0      1      1      0      1      1      0      0      1      0      1      0      0      0
      0      0      0      0      0      1      1      1      0      1      1      1      0      0      0      0      1      0      1      0      0      0
      0      0      0      0      0      1      1      1      0      1      1      1      0      1      0      0      1      0      1      0      0      0
      0      0      0      0      0      1      1      1      0      1      1      1      1      0      0      0      1      0      1      0      0      0
      0      0      0      0      0      1      1      1      0      1      1      1      1      1      0      0      1      0      1      0      0      0
      0      0      0      0      0      1      1      1      1      0      0      0      0      0      0      0      1      0      1      0      0      0
      0      0      0      0      0      1      1      1      1      0      0      0      0      1      0      0      1      0      1      0      0      0
      0      0      0      0      0      1      1      1      1      0      0      0      1      0      0      0      1      0      1      0      0      0
      0      0      0      0      0      1      1      1      1      0      0      0      1      1      0      0      1      0      1      0      0      0
      0      0      0      0      0      1      1      1      1      0      0      1      0      0      0      0      1      0      1      0      0      0
      0      0      0      0      0      1      1      1      1      0      0      1      0      1      0      0      1      0      1      0      0      0
      0      0      0      0      0      1      1      1      1      0      0      1      1      0      0      0      1      0      1      0      0      0
      0      0      0      0      0      1      1      1      1      0      0      1      1      1      0      0      1      0      1      0      0      0
      0      0      0      0      0      1      1      1      1      0      1      0      0      0      0      0      1      0      1      0      0      0
      0      0      0      0      0      1      1      1      1      0      1      0      0      1      0      0      1      0      1      0      0      0
      0      0      0      0      0      1      1      1      1      0      1      0      1      0      0      0      1      0      1      0      0      0
      0      0      0      0      0      1      1      1      1      0      1      0      1      1      0      0      1      0      1      0      0      0
      0      0      0      0      0      1      1      1      1      0      1      1      0      0      0      0      1      0      1      0      0      0
      0      0      0      0      0      1      1      1      1      0      1      1      0      1      0      0      1      0      1      0      0      0
      0      0      0      0      0      1      1      1      1      0      1      1      1      0      0      0      1      0      1      0      0      0
      0      0      0      0      0      1      1      1      1      0      1      1      1      1      0      0      1      0      1      0      0      0
      0      0      0      0      0      1      1      1      1      1      0      0      0      0      0      0      1      0      1      0      0      0
      0      0      0      0      0      1      1      1      1      1      0      0      0      1      0      0      1      0      1      0      0      0
      0      0      0      0      0      1      1      1      1      1      0      0      1      0      0      0      1      0      1      0      0      0
      0      0      0      0      0      1      1      1      1      1      0      0      1      1      0      0      1      0      1      0      0      0
